name: kraken2
channels:
  - conda-forge
  - bioconda
  - defaults
dependencies:
  - _libgcc_mutex=0.1=conda_forge
  - _openmp_mutex=4.5=2_gnu
  - blast=2.13.0=hf3cf87c_0
  - bzip2=1.0.8=h7f98852_4
  - c-ares=1.18.1=h7f98852_0
  - ca-certificates=2022.12.7=ha878542_0
  - curl=7.87.0=hdc1c0ab_0
  - entrez-direct=16.2=he881be0_1
  - gettext=0.21.1=h27087fc_0
  - keyutils=1.6.1=h166bdaf_0
  - kraken2=2.1.2=pl5321h9f5acd7_2
  - krb5=1.20.1=h81ceb04_0
  - libcurl=7.87.0=hdc1c0ab_0
  - libedit=3.1.20191231=he28a2e2_2
  - libev=4.33=h516909a_1
  - libgcc-ng=12.2.0=h65d4601_19
  - libgomp=12.2.0=h65d4601_19
  - libiconv=1.17=h166bdaf_0
  - libidn2=2.3.4=h166bdaf_0
  - libnghttp2=1.51.0=hff17c54_0
  - libnsl=2.0.0=h7f98852_0
  - libssh2=1.10.0=hf14f497_3
  - libstdcxx-ng=12.2.0=h46fd767_19
  - libunistring=0.9.10=h7f98852_0
  - libzlib=1.2.13=h166bdaf_4
  - lz4-c=1.9.4=hcb278e6_0
  - ncurses=6.3=h27087fc_1
  - openssl=3.0.8=h0b41bf4_0
  - pcre=8.45=h9c3ff4c_0
  - perl=5.32.1=2_h7f98852_perl5
  - perl-archive-tar=2.40=pl5321hdfd78af_0
  - perl-carp=1.38=pl5321hdfd78af_4
  - perl-common-sense=3.75=pl5321hdfd78af_0
  - perl-compress-raw-bzip2=2.201=pl5321h87f3376_1
  - perl-compress-raw-zlib=2.105=pl5321h87f3376_0
  - perl-encode=3.19=pl5321hec16e2b_1
  - perl-exporter=5.72=pl5321hdfd78af_2
  - perl-exporter-tiny=1.002002=pl5321hdfd78af_0
  - perl-extutils-makemaker=7.66=pl5321hd8ed1ab_0
  - perl-io-compress=2.201=pl5321h87f3376_0
  - perl-io-zlib=1.14=pl5321hdfd78af_0
  - perl-json=4.10=pl5321hdfd78af_0
  - perl-json-xs=2.34=pl5321h9f5acd7_5
  - perl-list-moreutils=0.430=pl5321hdfd78af_0
  - perl-list-moreutils-xs=0.430=pl5321hec16e2b_1
  - perl-parent=0.236=pl5321hdfd78af_2
  - perl-pathtools=3.75=pl5321hec16e2b_3
  - perl-scalar-list-utils=1.62=pl5321hec16e2b_1
  - perl-types-serialiser=1.01=pl5321hdfd78af_0
  - popt=1.16=1
  - rsync=3.2.7=h70740c4_0
  - tar=1.34=hb2e2bae_1
  - wget=1.20.3=ha35d2d1_1
  - xxhash=0.8.0=h7f98852_3
  - zlib=1.2.13=h166bdaf_4
  - zstd=1.5.2=h3eb15da_6
prefix: /home/nq10/software/miniconda3/envs/kraken2
