58
PRDturquoise    0.0000000 0.0270288 0.0404118 0.0448896 0.0644594 0.0303488 0.0569067 0.1628762 0.0297312 0.0667616 0.2402367 0.1515291 0.0489967 0.3034741 0.2618655 0.0480933 0.0546412 0.0535033 0.0420326 0.0306755 0.0391617 0.0436220 0.0271426 0.0355037 0.0421987 0.0102181 0.4942024 0.1381618 0.0341532 0.0420836 0.0440420 0.0935706 0.0529304 0.0804495 0.0450502 0.0384430 0.0436493 0.0238257 0.0696887 0.0763381 0.3145263 0.0275839 0.0252248 0.0381557 0.0308147 0.1244339 0.0300308 0.0721947 0.1814265 0.1868292 0.0546906 0.0284675 0.1094564 0.0459324 0.0298092 0.0434582 0.0348414 0.0444039 
PRDsage         0.0270288 0.0000000 0.0339349 0.0408757 0.0582868 0.0325252 0.0625957 0.1507943 0.0246234 0.0597663 0.2403229 0.1429689 0.0404260 0.3057890 0.2438293 0.0443434 0.0487771 0.0487501 0.0353574 0.0275877 0.0287316 0.0386520 0.0318795 0.0326144 0.0382979 0.0285898 0.4789928 0.1276401 0.0300806 0.0382971 0.0391015 0.0802404 0.0467555 0.0698325 0.0400228 0.0311919 0.0422749 0.0265335 0.0606145 0.0686788 0.3113974 0.0242994 0.0267389 0.0358356 0.0282105 0.1096848 0.0288607 0.0661571 0.1674713 0.1805398 0.0487681 0.0277254 0.1027977 0.0400092 0.0301317 0.0463362 0.0333639 0.0471994 
PRDmustard      0.0404118 0.0339349 0.0000000 0.0327848 0.0614648 0.0392186 0.0718779 0.1337420 0.0336965 0.0523563 0.2542962 0.1274031 0.0306560 0.3217136 0.2519009 0.0537827 0.0423752 0.0410155 0.0276331 0.0402828 0.0283130 0.0340088 0.0354369 0.0373916 0.0305067 0.0407327 0.4693407 0.1225094 0.0419314 0.0489648 0.0288960 0.0746899 0.0362400 0.0667216 0.0364804 0.0301373 0.0504481 0.0333623 0.0585477 0.0643377 0.3160799 0.0352044 0.0354824 0.0273973 0.0397133 0.1030719 0.0375458 0.0652011 0.1691396 0.1844353 0.0430593 0.0419344 0.1057318 0.0310997 0.0341946 0.0539427 0.0420679 0.0544084 
PRDvermilion    0.0448896 0.0408757 0.0327848 0.0000000 0.0651557 0.0463921 0.0723486 0.1382264 0.0397251 0.0526810 0.2680639 0.1300220 0.0345369 0.3346175 0.2613959 0.0557931 0.0473106 0.0410624 0.0319225 0.0419906 0.0305565 0.0384511 0.0386811 0.0374682 0.0345939 0.0440651 0.5035254 0.1242972 0.0435757 0.0513002 0.0302570 0.0768748 0.0490560 0.0657636 0.0423190 0.0326650 0.0555855 0.0381638 0.0597526 0.0664431 0.3288071 0.0424529 0.0362789 0.0309042 0.0410689 0.0968139 0.0427030 0.0729066 0.1610315 0.1957226 0.0376679 0.0425155 0.1114080 0.0302241 0.0417182 0.0571450 0.0402934 0.0574958 
PRDolive        0.0644594 0.0582868 0.0614648 0.0651557 0.0000000 0.0694152 0.0973091 0.1338995 0.0615213 0.0833007 0.1720672 0.1201949 0.0676585 0.2262309 0.2026731 0.0808720 0.0771812 0.0759716 0.0613598 0.0633939 0.0657107 0.0685914 0.0688837 0.0609549 0.0654399 0.0668406 0.3569163 0.1514019 0.0711235 0.0806804 0.0635190 0.1126243 0.0804845 0.0779950 0.0673260 0.0612786 0.0764138 0.0642230 0.0724385 0.0804940 0.2569153 0.0673536 0.0651630 0.0585332 0.0669956 0.1412355 0.0666461 0.0830132 0.1378674 0.1918218 0.0718256 0.0619230 0.1539471 0.0688938 0.0614505 0.0865478 0.0745853 0.0876437 
PRDcochinilla   0.0303488 0.0325252 0.0392186 0.0463921 0.0694152 0.0000000 0.0590430 0.1673158 0.0261959 0.0701178 0.2283799 0.1502946 0.0470362 0.3065725 0.2583288 0.0488338 0.0575396 0.0550015 0.0336362 0.0287835 0.0433394 0.0496606 0.0261333 0.0351622 0.0407067 0.0321702 0.4867414 0.1437976 0.0329362 0.0405987 0.0419220 0.0861473 0.0516940 0.0833609 0.0447864 0.0364047 0.0442968 0.0216187 0.0752644 0.0793592 0.3077602 0.0278807 0.0233479 0.0427965 0.0281553 0.1195137 0.0278630 0.0717462 0.1875916 0.1862273 0.0537206 0.0328724 0.1065621 0.0460279 0.0265541 0.0459408 0.0368128 0.0465869 
PRDrose         0.0569067 0.0625957 0.0718779 0.0723486 0.0973091 0.0590430 0.0000000 0.1978705 0.0548742 0.0919480 0.2195152 0.1327454 0.0791412 0.2917420 0.2208852 0.0693282 0.0899048 0.0844093 0.0677665 0.0559343 0.0743313 0.0723439 0.0572929 0.0653686 0.0717576 0.0603040 0.4328736 0.1673713 0.0590023 0.0656109 0.0664994 0.0784177 0.0847935 0.1165949 0.0716537 0.0713902 0.0767680 0.0573554 0.1003924 0.1102750 0.2641622 0.0604678 0.0542065 0.0592244 0.0577117 0.1038230 0.0562877 0.1043052 0.1572115 0.1610536 0.0811379 0.0571072 0.1538468 0.0779471 0.0561444 0.0650803 0.0639139 0.0646854 
PRDpeacock      0.1628762 0.1507943 0.1337420 0.1382264 0.1338995 0.1673158 0.1978705 0.0000000 0.1528314 0.1154170 0.2091292 0.1692718 0.1369775 0.2685000 0.1568713 0.1325940 0.1558366 0.1293293 0.1421944 0.1619822 0.1358435 0.1350308 0.1618180 0.1440240 0.1399174 0.1632881 0.3368684 0.1845314 0.1475450 0.1703053 0.1371329 0.1933912 0.1366090 0.0881868 0.1418381 0.1369646 0.1603070 0.1565741 0.0956818 0.0958713 0.3259027 0.1590292 0.1590324 0.1360119 0.1606745 0.1795382 0.1618452 0.1869814 0.1852357 0.2679706 0.1188285 0.1630460 0.2370187 0.1365537 0.1650854 0.1726108 0.1486934 0.1733313 
PRDnavy         0.0297312 0.0246234 0.0336965 0.0397251 0.0615213 0.0261959 0.0548742 0.1528314 0.0000000 0.0643335 0.2397465 0.1468297 0.0374110 0.3062554 0.2464843 0.0380872 0.0535310 0.0511382 0.0323653 0.0199090 0.0355442 0.0463029 0.0244207 0.0337772 0.0408447 0.0313775 0.4885214 0.1332626 0.0271720 0.0329916 0.0362273 0.0852017 0.0522286 0.0733323 0.0394757 0.0318994 0.0389776 0.0177259 0.0682855 0.0747471 0.3098033 0.0234777 0.0188443 0.0374824 0.0207424 0.1133866 0.0216737 0.0658323 0.1721983 0.1861439 0.0478087 0.0217068 0.1021110 0.0397347 0.0209322 0.0397266 0.0307799 0.0403392 
PRDforest       0.0667616 0.0597663 0.0523563 0.0526810 0.0833007 0.0701178 0.0919480 0.1154170 0.0643335 0.0000000 0.2623255 0.1226941 0.0532936 0.3327335 0.2404181 0.0512289 0.0679354 0.0464087 0.0490440 0.0697586 0.0494164 0.0479621 0.0644237 0.0563964 0.0499121 0.0682261 0.4790812 0.1116620 0.0561262 0.0769081 0.0529225 0.0836291 0.0681962 0.0723931 0.0518335 0.0520433 0.0745516 0.0639814 0.0548289 0.0582887 0.3246982 0.0662596 0.0638643 0.0502604 0.0667143 0.1054876 0.0671075 0.0956995 0.1510438 0.1924010 0.0426275 0.0680680 0.1447132 0.0544944 0.0682697 0.0818211 0.0631734 0.0826265 
PRDaquamarine   0.2402367 0.2403229 0.2542962 0.2680639 0.1720672 0.2283799 0.2195152 0.2091292 0.2397465 0.2623255 0.0000000 0.1101863 0.2607073 0.0411020 0.1742375 0.2312670 0.2323069 0.2519132 0.2580788 0.2379880 0.2644894 0.2567120 0.2361031 0.2439157 0.2582978 0.2441975 0.1066741 0.3434004 0.2317880 0.2455031 0.2585288 0.1579470 0.2832648 0.1854992 0.2625292 0.2579697 0.2308703 0.2347962 0.2170276 0.2144705 0.1660732 0.2307727 0.2397599 0.2554592 0.2479545 0.1396729 0.2339436 0.2886511 0.1797768 0.2319429 0.2559582 0.2314098 0.3313379 0.2585510 0.2355429 0.2319098 0.2245485 0.2325228 
PRDwine         0.1515291 0.1429689 0.1274031 0.1300220 0.1201949 0.1502946 0.1327454 0.1692718 0.1468297 0.1226941 0.1101863 0.0000000 0.1336401 0.1681566 0.1601741 0.1413114 0.1536484 0.1211492 0.1290917 0.1485544 0.1262856 0.1247143 0.1458324 0.1351518 0.1307410 0.1541288 0.2230189 0.2279318 0.1380216 0.1596480 0.1257546 0.0940790 0.1435174 0.1158577 0.1361299 0.1343541 0.1506811 0.1463193 0.0985900 0.1048765 0.1748503 0.1500955 0.1437467 0.1290666 0.1517078 0.0612121 0.1523055 0.2001391 0.0864223 0.2075454 0.1233512 0.1474364 0.2779372 0.1275736 0.1464317 0.1527176 0.1391668 0.1532586 
PRDaubergine    0.0489967 0.0404260 0.0306560 0.0345369 0.0676585 0.0470362 0.0791412 0.1369775 0.0374110 0.0532936 0.2607073 0.1336401 0.0000000 0.3368779 0.2521176 0.0556391 0.0410138 0.0409282 0.0271032 0.0405686 0.0280977 0.0390039 0.0372865 0.0328054 0.0315480 0.0511730 0.4937711 0.1207323 0.0426760 0.0480720 0.0282510 0.0750257 0.0447440 0.0669753 0.0350556 0.0237408 0.0500481 0.0366234 0.0623286 0.0645663 0.3248823 0.0415203 0.0418567 0.0352931 0.0398539 0.1028224 0.0419153 0.0724287 0.1702186 0.1944230 0.0422651 0.0422434 0.1180968 0.0328316 0.0418541 0.0557516 0.0413275 0.0559915 
PRDasparagus    0.3034741 0.3057890 0.3217136 0.3346175 0.2262309 0.3065725 0.2917420 0.2685000 0.3062554 0.3327335 0.0411020 0.1681566 0.3368779 0.0000000 0.2393189 0.3041438 0.2990884 0.3293813 0.3337577 0.3054089 0.3317804 0.3283124 0.3021575 0.3073426 0.3368873 0.3076686 0.0628913 0.2434316 0.3063691 0.3203598 0.3281629 0.2150879 0.3629675 0.2455051 0.3392412 0.3273256 0.2998742 0.3025750 0.2844189 0.2835264 0.1250381 0.3062776 0.2991638 0.3231676 0.3076144 0.1920899 0.3059944 0.3674611 0.2507437 0.2679489 0.3289263 0.3002986 0.2405164 0.3355064 0.3052606 0.3067971 0.2914907 0.3088786 
PRDcanary       0.2618655 0.2438293 0.2519009 0.2613959 0.2026731 0.2583288 0.2208852 0.1568713 0.2464843 0.2404181 0.1742375 0.1601741 0.2521176 0.2393189 0.0000000 0.2401794 0.2809595 0.2492804 0.2503064 0.2540814 0.2446909 0.2569799 0.2544999 0.2440567 0.2528376 0.2639456 0.1682360 0.2976915 0.2455532 0.2671435 0.2508604 0.2268560 0.2470474 0.1998136 0.2576991 0.2541048 0.2529649 0.2497563 0.2197018 0.2220982 0.1513392 0.2582208 0.2498107 0.2453648 0.2603871 0.2101503 0.2571986 0.1654499 0.1485044 0.2436142 0.2490322 0.2501305 0.3570956 0.2554212 0.2519281 0.2496940 0.2502537 0.2506259 
PRDscarlet      0.0480933 0.0443434 0.0537827 0.0557931 0.0808720 0.0488338 0.0693282 0.1325940 0.0380872 0.0512289 0.2312670 0.1413114 0.0556391 0.3041438 0.2401794 0.0000000 0.0640364 0.0506320 0.0471180 0.0432428 0.0488375 0.0487984 0.0443581 0.0462345 0.0518164 0.0499704 0.4780772 0.1127863 0.0385108 0.0535204 0.0512787 0.0883654 0.0675815 0.0705648 0.0512286 0.0524100 0.0540632 0.0393785 0.0579494 0.0677277 0.3213636 0.0410775 0.0424444 0.0519337 0.0468845 0.1096888 0.0437744 0.0837655 0.1612162 0.1832469 0.0498021 0.0463287 0.1267554 0.0542245 0.0455357 0.0567963 0.0471020 0.0574988 
PRDcerulean     0.0546412 0.0487771 0.0423752 0.0473106 0.0771812 0.0575396 0.0899048 0.1558366 0.0535310 0.0679354 0.2323069 0.1536484 0.0410138 0.2990884 0.2809595 0.0640364 0.0000000 0.0503067 0.0398250 0.0549056 0.0387250 0.0455353 0.0548651 0.0461829 0.0380787 0.0550721 0.4352418 0.1443857 0.0562989 0.0596812 0.0435110 0.0674151 0.0485877 0.0757286 0.0468477 0.0354699 0.0614656 0.0439513 0.0688382 0.0754153 0.2790407 0.0469458 0.0536666 0.0432950 0.0557910 0.1110935 0.0520472 0.0826765 0.1828664 0.2059418 0.0567617 0.0540230 0.1354552 0.0405979 0.0532838 0.0618856 0.0515437 0.0627480 
PRDhazel        0.0535033 0.0487501 0.0410155 0.0410624 0.0759716 0.0550015 0.0844093 0.1293293 0.0511382 0.0464087 0.2519132 0.1211492 0.0409282 0.3293813 0.2492804 0.0506320 0.0503067 0.0000000 0.0381741 0.0530087 0.0384745 0.0394118 0.0513430 0.0458831 0.0371678 0.0552393 0.4880181 0.1205010 0.0460954 0.0610892 0.0410792 0.0813147 0.0530669 0.0641056 0.0434013 0.0386069 0.0585522 0.0475662 0.0519453 0.0568102 0.3238953 0.0479123 0.0514442 0.0420945 0.0557132 0.1017022 0.0531920 0.0801780 0.1613230 0.1903871 0.0431328 0.0550620 0.1261694 0.0396329 0.0517908 0.0616145 0.0490437 0.0623440 
PRDskutterchuck 0.0420326 0.0353574 0.0276331 0.0319225 0.0613598 0.0336362 0.0677665 0.1421944 0.0323653 0.0490440 0.2580788 0.1290917 0.0271032 0.3337577 0.2503064 0.0471180 0.0398250 0.0381741 0.0000000 0.0316898 0.0214666 0.0343044 0.0356792 0.0323543 0.0173228 0.0449222 0.4834184 0.1238054 0.0290313 0.0473945 0.0274523 0.0637615 0.0423179 0.0640310 0.0245517 0.0196617 0.0529017 0.0284715 0.0560616 0.0625600 0.3065769 0.0374769 0.0302087 0.0286280 0.0328345 0.1008413 0.0368357 0.0621126 0.1639956 0.1926247 0.0388358 0.0371189 0.1146860 0.0300647 0.0350910 0.0573854 0.0438432 0.0580936 
PRDcarrot       0.0306755 0.0275877 0.0402828 0.0419906 0.0633939 0.0287835 0.0559343 0.1619822 0.0199090 0.0697586 0.2379880 0.1485544 0.0405686 0.3054089 0.2540814 0.0432428 0.0549056 0.0530087 0.0316898 0.0000000 0.0372717 0.0473910 0.0243643 0.0356245 0.0349615 0.0324897 0.4978240 0.1367998 0.0276426 0.0303331 0.0377958 0.0853446 0.0538094 0.0786035 0.0428299 0.0328967 0.0392290 0.0229535 0.0727071 0.0779197 0.3125137 0.0266346 0.0190356 0.0364842 0.0246024 0.1142304 0.0188612 0.0704110 0.1854395 0.1877629 0.0544545 0.0189208 0.1030469 0.0458770 0.0193628 0.0445642 0.0315837 0.0452012 
PRDmamacita     0.0391617 0.0287316 0.0283130 0.0305565 0.0657107 0.0433394 0.0743313 0.1358435 0.0355442 0.0494164 0.2644894 0.1262856 0.0280977 0.3317804 0.2446909 0.0488375 0.0387250 0.0384745 0.0214666 0.0372717 0.0000000 0.0284784 0.0373156 0.0310943 0.0247265 0.0421493 0.4776774 0.1202203 0.0379115 0.0476115 0.0285412 0.0746723 0.0394819 0.0566049 0.0304205 0.0216553 0.0495155 0.0316174 0.0552572 0.0616759 0.3163123 0.0350373 0.0326222 0.0314975 0.0349110 0.1030780 0.0379201 0.0587537 0.1600052 0.1925994 0.0358316 0.0368113 0.1166474 0.0248877 0.0402641 0.0562818 0.0374804 0.0568615 
PRDplum         0.0436220 0.0386520 0.0340088 0.0384511 0.0685914 0.0496606 0.0723439 0.1350308 0.0463029 0.0479621 0.2567120 0.1247143 0.0390039 0.3283124 0.2569799 0.0487984 0.0455353 0.0394118 0.0343044 0.0473910 0.0284784 0.0000000 0.0449372 0.0342220 0.0372870 0.0452487 0.4800540 0.1095947 0.0506585 0.0513656 0.0374673 0.0745471 0.0363098 0.0630046 0.0294302 0.0283051 0.0615268 0.0427816 0.0504883 0.0580210 0.3181083 0.0390659 0.0406018 0.0315550 0.0490010 0.1006956 0.0412657 0.0698770 0.1605783 0.1936789 0.0344445 0.0449486 0.1262918 0.0348635 0.0464500 0.0591069 0.0504286 0.0598299 
PRDbrick        0.0271426 0.0318795 0.0354369 0.0386811 0.0688837 0.0261333 0.0572929 0.1618180 0.0244207 0.0644237 0.2361031 0.1458324 0.0372865 0.3021575 0.2544999 0.0443581 0.0548651 0.0513430 0.0356792 0.0243643 0.0373156 0.0449372 0.0000000 0.0310107 0.0389965 0.0295501 0.4868496 0.1376306 0.0303049 0.0304021 0.0287782 0.0888844 0.0511203 0.0801440 0.0444872 0.0362645 0.0367649 0.0224011 0.0722481 0.0786762 0.3141165 0.0258038 0.0163342 0.0339612 0.0232076 0.1149893 0.0214363 0.0641331 0.1781045 0.1848512 0.0486610 0.0231856 0.1027085 0.0426708 0.0204657 0.0416675 0.0315585 0.0423857 
PRDbigpapi      0.0355037 0.0326144 0.0373916 0.0374682 0.0609549 0.0351622 0.0653686 0.1440240 0.0337772 0.0563964 0.2439157 0.1351518 0.0328054 0.3073426 0.2440567 0.0462345 0.0461829 0.0458831 0.0323543 0.0356245 0.0310943 0.0342220 0.0310107 0.0000000 0.0327671 0.0370107 0.4699699 0.1276907 0.0408174 0.0460540 0.0348228 0.0827917 0.0450408 0.0702253 0.0345298 0.0321162 0.0430181 0.0278163 0.0601847 0.0665869 0.3045381 0.0354548 0.0292140 0.0343709 0.0334123 0.1061010 0.0366410 0.0617018 0.1597694 0.1842217 0.0403306 0.0361896 0.1054762 0.0363345 0.0317602 0.0463772 0.0362940 0.0473409 
PRDgraphite     0.0421987 0.0382979 0.0305067 0.0345939 0.0654399 0.0407067 0.0717576 0.1399174 0.0408447 0.0499121 0.2582978 0.1307410 0.0315480 0.3368873 0.2528376 0.0518164 0.0380787 0.0371678 0.0173228 0.0349615 0.0247265 0.0372870 0.0389965 0.0327671 0.0000000 0.0441240 0.4800762 0.1235807 0.0370134 0.0476260 0.0315396 0.0680315 0.0427573 0.0625696 0.0316731 0.0293801 0.0527618 0.0358637 0.0517638 0.0593060 0.3115829 0.0392341 0.0361239 0.0300291 0.0433907 0.1056976 0.0387661 0.0622811 0.1687593 0.1903843 0.0402781 0.0384029 0.1084672 0.0292720 0.0376033 0.0550205 0.0407005 0.0557149 
PRDmahogany     0.0102181 0.0285898 0.0407327 0.0440651 0.0668406 0.0321702 0.0603040 0.1632881 0.0313775 0.0682261 0.2441975 0.1541288 0.0511730 0.3076686 0.2639456 0.0499704 0.0550721 0.0552393 0.0449222 0.0324897 0.0421493 0.0452487 0.0295501 0.0370107 0.0441240 0.0000000 0.4972491 0.1399082 0.0360767 0.0413437 0.0460114 0.0963388 0.0535024 0.0834322 0.0490618 0.0411443 0.0444361 0.0269119 0.0717056 0.0786959 0.3199910 0.0285274 0.0278522 0.0404733 0.0330723 0.1244096 0.0320761 0.0738180 0.1848257 0.1872431 0.0576383 0.0286600 0.1098796 0.0470263 0.0300746 0.0451564 0.0339246 0.0461089 
PRDpistachio    0.4942024 0.4789928 0.4693407 0.5035254 0.3569163 0.4867414 0.4328736 0.3368684 0.4885214 0.4790812 0.1066741 0.2230189 0.4937711 0.0628913 0.1682360 0.4780772 0.4352418 0.4880181 0.4834184 0.4978240 0.4776774 0.4800540 0.4868496 0.4699699 0.4800762 0.4972491 0.0000000 0.2621656 0.4815494 0.5007756 0.4915599 0.3219458 0.4567264 0.3692271 0.4906292 0.4896286 0.4831092 0.4798018 0.4225692 0.4199211 0.0653386 0.4871459 0.4841670 0.4782201 0.4991464 0.2913187 0.4931042 0.3313669 0.2190716 0.3522037 0.4804229 0.4784627 0.2931602 0.4808351 0.4859637 0.4766228 0.4764267 0.4785830 
PRDindigo       0.1381618 0.1276401 0.1225094 0.1242972 0.1514019 0.1437976 0.1673713 0.1845314 0.1332626 0.1116620 0.3434004 0.2279318 0.1207323 0.2434316 0.2976915 0.1127863 0.1443857 0.1205010 0.1238054 0.1367998 0.1202203 0.1095947 0.1376306 0.1276907 0.1235807 0.1399082 0.2621656 0.0000000 0.1237937 0.1459622 0.1261795 0.1762856 0.1398967 0.1430310 0.1186736 0.1195208 0.1448719 0.1329095 0.1342630 0.1377190 0.2027680 0.1332069 0.1371138 0.1201969 0.1438295 0.2030061 0.1339031 0.1385055 0.2804376 0.2379149 0.1102801 0.1399214 0.0755533 0.1211509 0.1389869 0.1540772 0.1345063 0.1556691 
PRDcrimson      0.0341532 0.0300806 0.0419314 0.0435757 0.0711235 0.0329362 0.0590023 0.1475450 0.0271720 0.0561262 0.2317880 0.1380216 0.0426760 0.3063691 0.2455532 0.0385108 0.0562989 0.0460954 0.0290313 0.0276426 0.0379115 0.0506585 0.0303049 0.0408174 0.0370134 0.0360767 0.4815494 0.1237937 0.0000000 0.0410467 0.0359177 0.0794443 0.0564957 0.0734743 0.0450116 0.0343393 0.0443546 0.0257671 0.0646438 0.0694317 0.3131397 0.0278922 0.0310410 0.0401237 0.0330782 0.1152847 0.0299890 0.0716024 0.1752128 0.1831031 0.0515909 0.0303652 0.1064647 0.0430312 0.0280003 0.0479519 0.0336942 0.0484896 
PRDjuniper      0.0420836 0.0382971 0.0489648 0.0513002 0.0806804 0.0405987 0.0656109 0.1703053 0.0329916 0.0769081 0.2455031 0.1596480 0.0480720 0.3203598 0.2671435 0.0535204 0.0596812 0.0610892 0.0473945 0.0303331 0.0476115 0.0513656 0.0304021 0.0460540 0.0476260 0.0413437 0.5007756 0.1459622 0.0410467 0.0000000 0.0503223 0.0929653 0.0596364 0.0851444 0.0534426 0.0458843 0.0424858 0.0339816 0.0813799 0.0862399 0.3212766 0.0334745 0.0313571 0.0477328 0.0362868 0.1232842 0.0259500 0.0781788 0.1904021 0.1957934 0.0642085 0.0278547 0.1130811 0.0491283 0.0317742 0.0438265 0.0324439 0.0445754 
PRDpine         0.0440420 0.0391015 0.0288960 0.0302570 0.0635190 0.0419220 0.0664994 0.1371329 0.0362273 0.0529225 0.2585288 0.1257546 0.0282510 0.3281629 0.2508604 0.0512787 0.0435110 0.0410792 0.0274523 0.0377958 0.0285412 0.0374673 0.0287782 0.0348228 0.0315396 0.0460114 0.4915599 0.1261795 0.0359177 0.0503223 0.0000000 0.0691596 0.0400405 0.0623594 0.0391483 0.0242400 0.0511973 0.0348527 0.0569151 0.0630218 0.3241797 0.0360476 0.0341545 0.0284083 0.0406162 0.0957599 0.0400544 0.0668938 0.1697612 0.1946858 0.0411407 0.0403051 0.1195721 0.0366756 0.0334976 0.0576007 0.0424621 0.0583090 
PRDavocado      0.0935706 0.0802404 0.0746899 0.0768748 0.1126243 0.0861473 0.0784177 0.1933912 0.0852017 0.0836291 0.1579470 0.0940790 0.0750257 0.2150879 0.2268560 0.0883654 0.0674151 0.0813147 0.0637615 0.0853446 0.0746723 0.0745471 0.0888844 0.0827917 0.0680315 0.0963388 0.3219458 0.1762856 0.0794443 0.0929653 0.0691596 0.0000000 0.0911718 0.1101296 0.0763224 0.0705904 0.1010600 0.0857106 0.0937464 0.1016607 0.2043248 0.0873028 0.0845675 0.0751483 0.0889335 0.0607257 0.0899628 0.1272329 0.1401894 0.1818506 0.0778942 0.0881414 0.1901846 0.0761795 0.0926336 0.0890725 0.0863896 0.0894927 
PRDchartreuse   0.0529304 0.0467555 0.0362400 0.0490560 0.0804845 0.0516940 0.0847935 0.1366090 0.0522286 0.0681962 0.2832648 0.1435174 0.0447440 0.3629675 0.2470474 0.0675815 0.0485877 0.0530669 0.0423179 0.0538094 0.0394819 0.0363098 0.0511203 0.0450408 0.0427573 0.0535024 0.4567264 0.1398967 0.0564957 0.0596364 0.0400405 0.0911718 0.0000000 0.0728295 0.0468674 0.0318182 0.0636553 0.0435126 0.0665963 0.0712326 0.2910134 0.0355474 0.0524286 0.0440186 0.0534269 0.1226386 0.0481906 0.0810007 0.1577388 0.1985309 0.0573924 0.0547237 0.1336918 0.0439471 0.0479758 0.0607348 0.0500937 0.0614700 
PRDcobalt       0.0804495 0.0698325 0.0667216 0.0657636 0.0779950 0.0833609 0.1165949 0.0881868 0.0733323 0.0723931 0.1854992 0.1158577 0.0669753 0.2455051 0.1998136 0.0705648 0.0757286 0.0641056 0.0640310 0.0786035 0.0566049 0.0630046 0.0801440 0.0702253 0.0625696 0.0834322 0.3692271 0.1430310 0.0734743 0.0851444 0.0623594 0.1101296 0.0728295 0.0000000 0.0699196 0.0610764 0.0842657 0.0704596 0.0339587 0.0287775 0.2827124 0.0688123 0.0746475 0.0660310 0.0814789 0.1152803 0.0750269 0.1031417 0.1523754 0.2160004 0.0634410 0.0813844 0.1736856 0.0616374 0.0802360 0.0887300 0.0703297 0.0898507 
PRDazure        0.0450502 0.0400228 0.0364804 0.0423190 0.0673260 0.0447864 0.0716537 0.1418381 0.0394757 0.0518335 0.2625292 0.1361299 0.0350556 0.3392412 0.2576991 0.0512286 0.0468477 0.0434013 0.0245517 0.0428299 0.0304205 0.0294302 0.0444872 0.0345298 0.0316731 0.0490618 0.4906292 0.1186736 0.0450116 0.0534426 0.0391483 0.0763224 0.0468674 0.0699196 0.0000000 0.0279392 0.0599242 0.0369005 0.0576660 0.0619182 0.3161747 0.0399057 0.0418049 0.0353727 0.0424317 0.1057605 0.0441975 0.0744716 0.1665848 0.1933843 0.0392373 0.0449331 0.1256982 0.0370045 0.0453585 0.0606769 0.0517675 0.0614016 
PRDteal         0.0384430 0.0311919 0.0301373 0.0326650 0.0612786 0.0364047 0.0713902 0.1369646 0.0318994 0.0520433 0.2579697 0.1343541 0.0237408 0.3273256 0.2541048 0.0524100 0.0354699 0.0386069 0.0196617 0.0328967 0.0216553 0.0283051 0.0362645 0.0321162 0.0293801 0.0411443 0.4896286 0.1195208 0.0343393 0.0458843 0.0242400 0.0705904 0.0318182 0.0610764 0.0279392 0.0000000 0.0508915 0.0256309 0.0566033 0.0609395 0.3104688 0.0285135 0.0337836 0.0323605 0.0342911 0.1031398 0.0341085 0.0689448 0.1691654 0.1928267 0.0395818 0.0372543 0.1134311 0.0309297 0.0357903 0.0519131 0.0412283 0.0525886 
PRDmint         0.0436493 0.0422749 0.0504481 0.0555855 0.0764138 0.0442968 0.0767680 0.1603070 0.0389776 0.0745516 0.2308703 0.1506811 0.0500481 0.2998742 0.2529649 0.0540632 0.0614656 0.0585522 0.0529017 0.0392290 0.0495155 0.0615268 0.0367649 0.0430181 0.0527618 0.0444361 0.4831092 0.1448719 0.0443546 0.0424858 0.0511973 0.1010600 0.0636553 0.0842657 0.0599242 0.0508915 0.0000000 0.0367637 0.0805061 0.0841849 0.3152370 0.0392842 0.0378833 0.0520290 0.0405418 0.1207813 0.0389360 0.0744121 0.1882094 0.1779533 0.0648047 0.0368209 0.1181961 0.0554006 0.0348868 0.0507783 0.0404869 0.0516526 
PRDroyal        0.0238257 0.0265335 0.0333623 0.0381638 0.0642230 0.0216187 0.0573554 0.1565741 0.0177259 0.0639814 0.2347962 0.1463193 0.0366234 0.3025750 0.2497563 0.0393785 0.0439513 0.0475662 0.0284715 0.0229535 0.0316174 0.0427816 0.0224011 0.0278163 0.0358637 0.0269119 0.4798018 0.1329095 0.0257671 0.0339816 0.0348527 0.0857106 0.0435126 0.0704596 0.0369005 0.0256309 0.0367637 0.0000000 0.0687945 0.0730664 0.3062436 0.0164150 0.0208339 0.0336146 0.0231389 0.1192751 0.0233072 0.0602151 0.1728200 0.1815408 0.0457827 0.0257141 0.0941898 0.0378749 0.0183503 0.0374942 0.0307738 0.0382962 
PRDgold         0.0696887 0.0606145 0.0585477 0.0597526 0.0724385 0.0752644 0.1003924 0.0956818 0.0682855 0.0548289 0.2170276 0.0985900 0.0623286 0.2844189 0.2197018 0.0579494 0.0688382 0.0519453 0.0560616 0.0727071 0.0552572 0.0504883 0.0722481 0.0601847 0.0517638 0.0717056 0.4225692 0.1342630 0.0646438 0.0813799 0.0569151 0.0937464 0.0665963 0.0339587 0.0576660 0.0566033 0.0805061 0.0687945 0.0000000 0.0176723 0.2743738 0.0640752 0.0690207 0.0576517 0.0762270 0.0969101 0.0691218 0.1040214 0.1219616 0.2146971 0.0529648 0.0735136 0.1623833 0.0572718 0.0747882 0.0797094 0.0631331 0.0808949 
PRDsky          0.0763381 0.0686788 0.0643377 0.0664431 0.0804940 0.0793592 0.1102750 0.0958713 0.0747471 0.0582887 0.2144705 0.1048765 0.0645663 0.2835264 0.2220982 0.0677277 0.0754153 0.0568102 0.0625600 0.0779197 0.0616759 0.0580210 0.0786762 0.0665869 0.0593060 0.0786959 0.4199211 0.1377190 0.0694317 0.0862399 0.0630218 0.1016607 0.0712326 0.0287775 0.0619182 0.0609395 0.0841849 0.0730664 0.0176723 0.0000000 0.2874577 0.0681669 0.0766298 0.0660600 0.0828545 0.1066446 0.0752412 0.1137640 0.1367654 0.2193837 0.0548993 0.0804360 0.1693431 0.0601056 0.0800416 0.0811570 0.0687982 0.0822027 
PRDobsidian     0.3145263 0.3113974 0.3160799 0.3288071 0.2569153 0.3077602 0.2641622 0.3259027 0.3098033 0.3246982 0.1660732 0.1748503 0.3248823 0.1250381 0.1513392 0.3213636 0.2790407 0.3238953 0.3065769 0.3125137 0.3163123 0.3181083 0.3141165 0.3045381 0.3115829 0.3199910 0.0653386 0.2027680 0.3131397 0.3212766 0.3241797 0.2043248 0.2910134 0.2827124 0.3161747 0.3104688 0.3152370 0.3062436 0.2743738 0.2874577 0.0000000 0.3159609 0.3036091 0.3095291 0.3180633 0.1839255 0.3048190 0.2202010 0.1752286 0.2964183 0.3251104 0.3004702 0.2398643 0.3170245 0.3054186 0.2995620 0.3032056 0.3007169 
PRDemerald      0.0275839 0.0242994 0.0352044 0.0424529 0.0673536 0.0278807 0.0604678 0.1590292 0.0234777 0.0662596 0.2307727 0.1500955 0.0415203 0.3062776 0.2582208 0.0410775 0.0469458 0.0479123 0.0374769 0.0266346 0.0350373 0.0390659 0.0258038 0.0354548 0.0392341 0.0285274 0.4871459 0.1332069 0.0278922 0.0334745 0.0360476 0.0873028 0.0355474 0.0688123 0.0399057 0.0285135 0.0392842 0.0164150 0.0640752 0.0681669 0.3159609 0.0000000 0.0288033 0.0373509 0.0316451 0.1187362 0.0234578 0.0661620 0.1771324 0.1801102 0.0507675 0.0261224 0.0977093 0.0415366 0.0233280 0.0380635 0.0310196 0.0389620 
PRDmaroon       0.0252248 0.0267389 0.0354824 0.0362789 0.0651630 0.0233479 0.0542065 0.1590324 0.0188443 0.0638643 0.2397599 0.1437467 0.0418567 0.2991638 0.2498107 0.0424444 0.0536666 0.0514442 0.0302087 0.0190356 0.0326222 0.0406018 0.0163342 0.0292140 0.0361239 0.0278522 0.4841670 0.1371138 0.0310410 0.0313571 0.0341545 0.0845675 0.0524286 0.0746475 0.0418049 0.0337836 0.0378833 0.0208339 0.0690207 0.0766298 0.3036091 0.0288033 0.0000000 0.0346243 0.0173182 0.1122919 0.0156407 0.0597900 0.1741348 0.1857139 0.0475410 0.0202596 0.1024477 0.0375968 0.0202638 0.0411419 0.0287159 0.0417627 
PRDruby         0.0381557 0.0358356 0.0273973 0.0309042 0.0585332 0.0427965 0.0592244 0.1360119 0.0374824 0.0502604 0.2554592 0.1290666 0.0352931 0.3231676 0.2453648 0.0519337 0.0432950 0.0420945 0.0286280 0.0364842 0.0314975 0.0315550 0.0339612 0.0343709 0.0300291 0.0404733 0.4782201 0.1201969 0.0401237 0.0477328 0.0284083 0.0751483 0.0440186 0.0660310 0.0353727 0.0323605 0.0520290 0.0336146 0.0576517 0.0660600 0.3095291 0.0373509 0.0346243 0.0000000 0.0423835 0.1001224 0.0371316 0.0658089 0.1619317 0.1808756 0.0380510 0.0374970 0.1106266 0.0350131 0.0350068 0.0544050 0.0416447 0.0550963 
PRDshaddybee    0.0308147 0.0282105 0.0397133 0.0410689 0.0669956 0.0281553 0.0577117 0.1606745 0.0207424 0.0667143 0.2479545 0.1517078 0.0398539 0.3076144 0.2603871 0.0468845 0.0557910 0.0557132 0.0328345 0.0246024 0.0349110 0.0490010 0.0232076 0.0334123 0.0433907 0.0330723 0.4991464 0.1438295 0.0330782 0.0362868 0.0406162 0.0889335 0.0534269 0.0814789 0.0424317 0.0342911 0.0405418 0.0231389 0.0762270 0.0828545 0.3180633 0.0316451 0.0173182 0.0423835 0.0000000 0.1182091 0.0246090 0.0716489 0.1827092 0.1888712 0.0517705 0.0268439 0.1119203 0.0447712 0.0261523 0.0452277 0.0273322 0.0459690 
PRDfuchsia      0.1244339 0.1096848 0.1030719 0.0968139 0.1412355 0.1195137 0.1038230 0.1795382 0.1133866 0.1054876 0.1396729 0.0612121 0.1028224 0.1920899 0.2101503 0.1096888 0.1110935 0.1017022 0.1008413 0.1142304 0.1030780 0.1006956 0.1149893 0.1061010 0.1056976 0.1244096 0.2913187 0.2030061 0.1152847 0.1232842 0.0957599 0.0607257 0.1226386 0.1152803 0.1057605 0.1031398 0.1207813 0.1192751 0.0969101 0.1066446 0.1839255 0.1187362 0.1122919 0.1001224 0.1182091 0.0000000 0.1152015 0.1685896 0.1295067 0.2032661 0.0965363 0.1124082 0.2369457 0.1065458 0.1147056 0.1239288 0.1093480 0.1244417 
PRDjet          0.0300308 0.0288607 0.0375458 0.0427030 0.0666461 0.0278630 0.0562877 0.1618452 0.0216737 0.0671075 0.2339436 0.1523055 0.0419153 0.3059944 0.2571986 0.0437744 0.0520472 0.0531920 0.0368357 0.0188612 0.0379201 0.0412657 0.0214363 0.0366410 0.0387661 0.0320761 0.4931042 0.1339031 0.0299890 0.0259500 0.0400544 0.0899628 0.0481906 0.0750269 0.0441975 0.0341085 0.0389360 0.0233072 0.0691218 0.0752412 0.3048190 0.0234578 0.0156407 0.0371316 0.0246090 0.1152015 0.0000000 0.0684554 0.1846207 0.1833682 0.0542769 0.0189945 0.1015520 0.0436101 0.0194718 0.0398794 0.0260291 0.0404912 
PRDmagenta      0.0721947 0.0661571 0.0652011 0.0729066 0.0830132 0.0717462 0.1043052 0.1869814 0.0658323 0.0956995 0.2886511 0.2001391 0.0724287 0.3674611 0.1654499 0.0837655 0.0826765 0.0801780 0.0621126 0.0704110 0.0587537 0.0698770 0.0641331 0.0617018 0.0622811 0.0738180 0.3313669 0.1385055 0.0716024 0.0781788 0.0668938 0.1272329 0.0810007 0.1031417 0.0744716 0.0689448 0.0744121 0.0602151 0.1040214 0.1137640 0.2202010 0.0661620 0.0597900 0.0658089 0.0716489 0.1685896 0.0684554 0.0000000 0.1696045 0.2093222 0.0783038 0.0672254 0.1312183 0.0648699 0.0581686 0.0845866 0.0761462 0.0854514 
PRDsepia        0.1814265 0.1674713 0.1691396 0.1610315 0.1378674 0.1875916 0.1572115 0.1852357 0.1721983 0.1510438 0.1797768 0.0864223 0.1702186 0.2507437 0.1485044 0.1612162 0.1828664 0.1613230 0.1639956 0.1854395 0.1600052 0.1605783 0.1781045 0.1597694 0.1687593 0.1848257 0.2190716 0.2804376 0.1752128 0.1904021 0.1697612 0.1401894 0.1577388 0.1523754 0.1665848 0.1691654 0.1882094 0.1728200 0.1219616 0.1367654 0.1752286 0.1771324 0.1741348 0.1619317 0.1827092 0.1295067 0.1846207 0.1696045 0.0000000 0.2669896 0.1509568 0.1830787 0.3166970 0.1672293 0.1878360 0.1963111 0.1726366 0.1961061 
PRDamber        0.1868292 0.1805398 0.1844353 0.1957226 0.1918218 0.1862273 0.1610536 0.2679706 0.1861439 0.1924010 0.2319429 0.2075454 0.1944230 0.2679489 0.2436142 0.1832469 0.2059418 0.1903871 0.1926247 0.1877629 0.1925994 0.1936789 0.1848512 0.1842217 0.1903843 0.1872431 0.3522037 0.2379149 0.1831031 0.1957934 0.1946858 0.1818506 0.1985309 0.2160004 0.1933843 0.1928267 0.1779533 0.1815408 0.2146971 0.2193837 0.2964183 0.1801102 0.1857139 0.1808756 0.1888712 0.2032661 0.1833682 0.2093222 0.2669896 0.0000000 0.1906982 0.1837625 0.2577781 0.1931732 0.1841944 0.1696670 0.1813365 0.1696770 
PRDcherry       0.0546906 0.0487681 0.0430593 0.0376679 0.0718256 0.0537206 0.0811379 0.1188285 0.0478087 0.0426275 0.2559582 0.1233512 0.0422651 0.3289263 0.2490322 0.0498021 0.0567617 0.0431328 0.0388358 0.0544545 0.0358316 0.0344445 0.0486610 0.0403306 0.0402781 0.0576383 0.4804229 0.1102801 0.0515909 0.0642085 0.0411407 0.0778942 0.0573924 0.0634410 0.0392373 0.0395818 0.0648047 0.0457827 0.0529648 0.0548993 0.3251104 0.0507675 0.0475410 0.0380510 0.0517705 0.0965363 0.0542769 0.0783038 0.1509568 0.1906982 0.0000000 0.0539314 0.1330439 0.0391992 0.0534508 0.0630480 0.0578630 0.0637621 
PR5             0.0284675 0.0277254 0.0419344 0.0425155 0.0619230 0.0328724 0.0571072 0.1630460 0.0217068 0.0680680 0.2314098 0.1474364 0.0422434 0.3002986 0.2501305 0.0463287 0.0540230 0.0550620 0.0371189 0.0189208 0.0368113 0.0449486 0.0231856 0.0361896 0.0384029 0.0286600 0.4784627 0.1399214 0.0303652 0.0278547 0.0403051 0.0881414 0.0547237 0.0813844 0.0449331 0.0372543 0.0368209 0.0257141 0.0735136 0.0804360 0.3004702 0.0261224 0.0202596 0.0374970 0.0268439 0.1124082 0.0189945 0.0672254 0.1830787 0.1837625 0.0539314 0.0000000 0.1037621 0.0437158 0.0170788 0.0418785 0.0303426 0.0425017 
PR4             0.1094564 0.1027977 0.1057318 0.1114080 0.1539471 0.1065621 0.1538468 0.2370187 0.1021110 0.1447132 0.3313379 0.2779372 0.1180968 0.2405164 0.3570956 0.1267554 0.1354552 0.1261694 0.1146860 0.1030469 0.1166474 0.1262918 0.1027085 0.1054762 0.1084672 0.1098796 0.2931602 0.0755533 0.1064647 0.1130811 0.1195721 0.1901846 0.1336918 0.1736856 0.1256982 0.1134311 0.1181961 0.0941898 0.1623833 0.1693431 0.2398643 0.0977093 0.1024477 0.1106266 0.1119203 0.2369457 0.1015520 0.1312183 0.3166970 0.2577781 0.1330439 0.1037621 0.0000000 0.1096576 0.0974985 0.1219645 0.1048702 0.1237251 
BCE1            0.0459324 0.0400092 0.0310997 0.0302241 0.0688938 0.0460279 0.0779471 0.1365537 0.0397347 0.0544944 0.2585510 0.1275736 0.0328316 0.3355064 0.2554212 0.0542245 0.0405979 0.0396329 0.0300647 0.0458770 0.0248877 0.0348635 0.0426708 0.0363345 0.0292720 0.0470263 0.4808351 0.1211509 0.0430312 0.0491283 0.0366756 0.0761795 0.0439471 0.0616374 0.0370045 0.0309297 0.0554006 0.0378749 0.0572718 0.0601056 0.3170245 0.0415366 0.0375968 0.0350131 0.0447712 0.1065458 0.0436101 0.0648699 0.1672293 0.1931732 0.0391992 0.0437158 0.1096576 0.0000000 0.0423429 0.0504958 0.0420643 0.0509486 
PRD1            0.0298092 0.0301317 0.0341946 0.0417182 0.0614505 0.0265541 0.0561444 0.1650854 0.0209322 0.0682697 0.2355429 0.1464317 0.0418541 0.3052606 0.2519281 0.0455357 0.0532838 0.0517908 0.0350910 0.0193628 0.0402641 0.0464500 0.0204657 0.0317602 0.0376033 0.0300746 0.4859637 0.1389869 0.0280003 0.0317742 0.0334976 0.0926336 0.0479758 0.0802360 0.0453585 0.0357903 0.0348868 0.0183503 0.0747882 0.0800416 0.3054186 0.0233280 0.0202638 0.0350068 0.0261523 0.1147056 0.0194718 0.0581686 0.1878360 0.1841944 0.0534508 0.0170788 0.0974985 0.0423429 0.0000000 0.0422938 0.0312378 0.0427118 
L17             0.0434582 0.0463362 0.0539427 0.0571450 0.0865478 0.0459408 0.0650803 0.1726108 0.0397266 0.0818211 0.2319098 0.1527176 0.0557516 0.3067971 0.2496940 0.0567963 0.0618856 0.0616145 0.0573854 0.0445642 0.0562818 0.0591069 0.0416675 0.0463772 0.0550205 0.0451564 0.4766228 0.1540772 0.0479519 0.0438265 0.0576007 0.0890725 0.0607348 0.0887300 0.0606769 0.0519131 0.0507783 0.0374942 0.0797094 0.0811570 0.2995620 0.0380635 0.0411419 0.0544050 0.0452277 0.1239288 0.0398794 0.0845866 0.1963111 0.1696670 0.0630480 0.0418785 0.1219645 0.0504958 0.0422938 0.0000000 0.0397966 0.0017840 
PR772           0.0348414 0.0333639 0.0420679 0.0402934 0.0745853 0.0368128 0.0639139 0.1486934 0.0307799 0.0631734 0.2245485 0.1391668 0.0413275 0.2914907 0.2502537 0.0471020 0.0515437 0.0490437 0.0438432 0.0315837 0.0374804 0.0504286 0.0315585 0.0362940 0.0407005 0.0339246 0.4764267 0.1345063 0.0336942 0.0324439 0.0424621 0.0863896 0.0500937 0.0703297 0.0517675 0.0412283 0.0404869 0.0307738 0.0631331 0.0687982 0.3032056 0.0310196 0.0287159 0.0416447 0.0273322 0.1093480 0.0260291 0.0761462 0.1726366 0.1813365 0.0578630 0.0303426 0.1048702 0.0420643 0.0312378 0.0397966 0.0000000 0.0405030 
PR3             0.0444039 0.0471994 0.0544084 0.0574958 0.0876437 0.0465869 0.0646854 0.1733313 0.0403392 0.0826265 0.2325228 0.1532586 0.0559915 0.3088786 0.2506259 0.0574988 0.0627480 0.0623440 0.0580936 0.0452012 0.0568615 0.0598299 0.0423857 0.0473409 0.0557149 0.0461089 0.4785830 0.1556691 0.0484896 0.0445754 0.0583090 0.0894927 0.0614700 0.0898507 0.0614016 0.0525886 0.0516526 0.0382962 0.0808949 0.0822027 0.3007169 0.0389620 0.0417627 0.0550963 0.0459690 0.1244417 0.0404912 0.0854514 0.1961061 0.1696770 0.0637621 0.0425017 0.1237251 0.0509486 0.0427118 0.0017840 0.0405030 0.0000000 
